571108
572392
458613
562852
833580
119169
158328
525617
609123
374702
228576
616239
616984
473847
395762
402594
134883
703260
383943
124776
277863
459051
848643
188325
514424
474798
247661
605855
790776
316504
474219
815229
564399
166923
684034
576622
324546
213816
554589
714690
683438
829743
372455
810663
236766
177993
332829
658536
741780
503755
259901
556749
412380
159984
579576
651786
849802
258726
692432
257741
784539
299861
190791
245785
771024
219647
375303
856271
298075
369305
239499
390609
350585
727977
442038
416529
727782
656643
553574
467109
518261
479079
155277
371529
808604
360154
246879
555276
809370
486228
364680
433695
386643
502978
132561
511168
306000
280454
737448
778647
645275
539902
677191
375997
516191
849960
486858
806422
600458
269744
585729
717861
405255
703074
685471
801843
104400
142497
109089
455925
783831
153873
695312
508427
597895
833005
119988
630633
418419
203466
152658
415386
492939
811438
869444
835953
357660
432243
354301
386527
778251
792873
130293
152028
779145
819009
477564
623461
633485
103824
677405
685567
275556
232266
715896
761961
468192
855101
376203
217738
858903
666785
825557
396726
134766
622477
720990
479763
277356
305791
753177
147141
609424
786525
576630
721080
860207
801426
115641
816467
801090
328085
379989
828876
160857
864472
861399
385897
260204
115821
694328
591947
105687
766926
308311
607115
204030
293466
624308
400689
132336
429039
364596
719655
745299
867161
362079
738561
482859
712449
152829
362648
618930
452055
496104
494715
171648
626797
449151
510137
151488
811416
797796
555669
307260
521730
583544
653828
478308
454371
647581
632678
323527
355982
729270
146799
617074
450024
379141
321907
176382
512747
456120
575968
253222
451233
331209
561551
831036
403200
413613
383911
689673
865710
386646
206891
475737
119268
501096
255690
705600
163620
554433
605973
473013
269730
486861
521133
703746
547053
468693
106002
279990
681995
565577
706320
789792
175815
389529
163656
449457
674106
649201
734976
177066
767853
756105
113409
634680
544173
764751
325353
344259
443889
280648
733743
746247
351009
746994
678240
470583
392191
152685
265031
539174
621903
751425
210827
111879
842859
336098
621819
535067
813870
386701
839395
182250
531393
556323
690421
175518
304952
601417
704916
827853
788421
150669
563580
291003
334359
505105
414771
804756
504017
270052
261066
500310
409164
429273
321579
690874
378485
477666
605135
287403
581220
303155
189054
637566
336751
250015
556299
227572
527842
320676
627399
645759
703518
592086
205124
784338
285816
398854
115110
729846
771807
286929
180522
256239
699396
651879
820629
249333
857867
372844
256817
592912
743511
130608
204797
509441
861952
157608
632945
571574
262113
216715
104697
256680
362015
787059
720762
311374
696060
240082
251327
161721
586089
766365
177057
745485
865359
445923
839801
522467
802383
522467
156006
434055
160056
519145
352170
306096
807344
405588
259209
671850
683975
607956
633513
532277
874934
811901
379475
375541
696159
728364
414204
775497
544983
876104
575362
700077
566199
250901
234573
136971
408792
300995
439791
803013
827267
582071
248324
556037
472857
453894
696333
202187
367897
599679
204688
536859
854829
711111
824062
868320
125532
573922
716262
661621
142173
740535
440754
657937
627601
766503
428088
139680
437706
341971
270445
805645
316141
163935
580263
175608
565421
547012
876407
155358
667921
355236
488439
774549
581343
361716
597960
724023
424269
351459
567156
463935
595809
248646
173988
547364
234810
790623
416325
252388
682448
177975
492489
551831
646808
571255
630031
168795
482283
286380
427731
698310
759975
489240
516568
783825
755115
541236
566248
647674
597461
806286
362079
287583
615609
186534
642457
533880
564971
355059
132795
551439
157311
453123
236932
473577
787341
149760
745035
114111
813148
452619
858576
392586
367479
780897
514089
214683
439209
850285
471264
333691
838945
557362
855652
243592
820629
315096
344105
304659
677191
666366
827796
668824
410862
458817
243753
559031
673985
459243
138609
325359
163161
187344
236501
305370
397118
873696
471648
267641
362404
436242
535648
632079
162855
804802
621726
815174
273917
746793
767970
619659
169956
506586
590785
829416
745998
122346
199134
222527
707859
792894
567123
223361
491667
852682
564906
737994
115290
708717
662378
571713
757710
362851
490536
863640
624392
679329
486693
620280
831442
336780
109629
732663
868612
169038
163152
138708
834849
865078
835301
793212
322389
474570
776424
769923
824286
425634
303698
413868
498264
839441
108225
396215
570404
776202
739005
428862
591276
778584
619687
389134
248471
666723
110871
659945
716871
170559
844650
624246
526582
593452
847080
418767
454485
109026
592929
634236
130176
383043
691054
657602
733992
119115
362468
308404
267636
695914
336397
821485
366091
153378
265566
796848
550784
509351
732615
438030
222565
574290
416493
735198
596447
874359
442578
564906
432987
775809
371433
419040
600933
174942
332408
457674
857182
645030
552952
695318
197685
570641
109341
641582
773121
263676
250299
605675
264960
491232
318330
120546
528587
209425
307025
581638
274050
186714
836820
384210
799533
140166
762219
760002
347104
719904
528464
457212
821349
248760
126207
689462
248774
497685
491565
865798
632613
487401
696963
181008
486729
536703
198414
692345
394836
613201
636812
556217
194184
820563
146682
808885
388530
386797
193122
368071
465633
207052
306517
591603
118278
233218
811473
333691
416352
435159
423729
870309
583798
406527
128862
511740
326439
246969
155106
320043
718761
310506
774327
782898
271686
645185
139743
716256
337567
772083
261516
493416
497208
192420
817380
805836
530010
270990
511479
479454
758604
298781
110781
331116
157248
606780
364535
126558
222129
874530
726135
201235
705192
201988
293310
481896
137412
784158
197460
545850
728952
604983
675962
803496
222129
145269
760542
793089
497352
679534
846753
370263
819854
210022
545523
566632
783825
826244
546366
789501
728121
284215
874484
655116
659647
686641
754020
839428
464859
318458
260370
267532
650259
489882
279540
348422
502200
673926
729270
491154
717447
545204
116091
807535
781119
190242
375878
430110
261554
547356
327066
429030
216052
293343
312007
484158
434994
566976
145638
642699
592937
673293
437310
675099
695644
479337
829056
319265
678814
129312
578447
739677
439686
693369
649837
644040
338467
530403
705519
174717
160173
103095
160290
815218
545793
123948
254662
461493
287891
747693
552576
241048
267816
803316
293272
180018
618123
167256
629640
828279
688627
388507
365017
409755
296872
419166
437769
680583
314768
290785
710379
309841
466650
230428
526795
401283
515103
652264
410256
169758
191124
541989
440034
437643
661171
160902
715605
651637
512829
697537
774000
796557
375750
528341
602019
521935
624423
752547
804510
808481
374435
527695
859252
575305
402234
388350
792279
656314
114588
537775
343411
596193
405729
139662
627933
207052
865506
554711
784788
421830
759657
688267
703518
437670
631747
744966
636424
109377
734388
313650
694980
423180
516330
826424
492723